256	256
16
57.32373458792991	95.66754658385094	83.5	95.66754658385094	0	1
57.32373458792991	95.66754658385094	57.32373458792991	227.87002714116122	1	0
136.05142209042742	33.58189655172414	136.05142209042742	59.07666666666667	0	4
136.05142209042742	59.07666666666667	136.05142209042742	132.88385662684078	0	1
199.547490315298	132.88385662684078	199.547490315298	227.87002714116122	0	3
199.547490315298	227.87002714116122	199.547490315298	252.05692488262912	0	7
136.05142209042742	227.87002714116122	199.547490315298	227.87002714116122	3	7
83.5	33.58189655172414	136.05142209042742	33.58189655172414	0	4
83.5	59.07666666666667	136.05142209042742	59.07666666666667	4	1
136.05142209042742	132.88385662684078	199.547490315298	132.88385662684078	0	3
57.32373458792991	227.87002714116122	136.05142209042742	227.87002714116122	1	7
57.32373458792991	252.05692488262912	199.547490315298	252.05692488262912	7	0
83.5	33.58189655172414	83.5	59.07666666666667	4	0
83.5	59.07666666666667	83.5	95.66754658385094	8	0
136.05142209042742	132.88385662684078	136.05142209042742	227.87002714116122	3	1
57.32373458792991	227.87002714116122	57.32373458792991	252.05692488262912	7	0
83.0	62.67741935483871	83.0	81.50909090909092	door	1	1
136.0	63.258620689655174	136.0	82.0	door	1	1
136.0	89.32758620689656	136.0	105.47368421052632	door	1	1
136.0	136.82142857142858	136.0	203.3015873015873	door	1	1
104.1923076923077	59.0	119.37142857142857	59.0	door	1	1
138.70491803278688	132.0	198.04761904761904	132.0	door	1	1
103	33.0	126	33.0	door	1	1
69	227.0	123	227.0	door	1	1
146	227.0	192	227.0	door	1	1
86	6	103	31	bathtub	1	1
59	121	96	137	cooking_counter	1	1
147	91	167	103	toilet	1	1
85	61	101	82	entrance	1	1
